Itération 0 ————————————————————————————————————————————————————————————————————————————————————————————————————
Successeur : [[1, 2, 3], [4, 5], [5, 6], [6, 7], [7], [7], [5, 7], []]
Parent : [-1, 0, 0, 0, 1, 1, 2, 3]
Chaîne améliorante identifiée : [0, 3, 7]
Flot possible à augmenter : 5

        0       1       2       3       4       5       6       7
0       0       7       4       0       0       0       0       0
1       0       0       0       0       1       8       0       0
2       0       0       0       0       0       4       3       0
3       5       0       0       0       0       0       2       3
4       0       0       0       0       0       0       0       1
5       0       0       0       0       0       0       0       8
6       0       0       0       0       0       5       0       1
7       0       0       0       5       0       0       0       0
-----------------------------------

Itération 1 ————————————————————————————————————————————————————————————————————————————————————————————————————
Successeur : [[1, 2], [4, 5], [5, 6], [0, 6, 7], [7], [7], [5, 7], [3]]
Parent : [-1, 0, 0, -1, 1, 1, 2, 4]
Chaîne améliorante identifiée : [0, 1, 4, 7]
Flot possible à augmenter : 1

        0       1       2       3       4       5       6       7
0       0       6       4       0       0       0       0       0
1       1       0       0       0       0       8       0       0
2       0       0       0       0       0       4       3       0
3       5       0       0       0       0       0       2       3
4       0       1       0       0       0       0       0       0
5       0       0       0       0       0       0       0       8
6       0       0       0       0       0       5       0       1
7       0       0       0       5       1       0       0       0
-----------------------------------

Itération 2 ————————————————————————————————————————————————————————————————————————————————————————————————————
Successeur : [[1, 2], [0, 5], [5, 6], [0, 6, 7], [1], [7], [5, 7], [3, 4]]
Parent : [-1, 0, 0, -1, -1, 1, 2, 5]
Chaîne améliorante identifiée : [0, 1, 5, 7]
Flot possible à augmenter : 6

        0       1       2       3       4       5       6       7
0       0       0       4       0       0       0       0       0
1       7       0       0       0       0       2       0       0
2       0       0       0       0       0       4       3       0
3       5       0       0       0       0       0       2       3
4       0       1       0       0       0       0       0       0
5       0       6       0       0       0       0       0       2
6       0       0       0       0       0       5       0       1
7       0       0       0       5       1       6       0       0
-----------------------------------

Itération 3 ————————————————————————————————————————————————————————————————————————————————————————————————————
Successeur : [[2], [0, 5], [5, 6], [0, 6, 7], [1], [1, 7], [5, 7], [3, 4, 5]]
Parent : [-1, 5, 0, -1, -1, 2, 2, 5]
Chaîne améliorante identifiée : [0, 2, 5, 7]
Flot possible à augmenter : 2

        0       1       2       3       4       5       6       7
0       0       0       2       0       0       0       0       0
1       7       0       0       0       0       2       0       0
2       2       0       0       0       0       2       3       0
3       5       0       0       0       0       0       2       3
4       0       1       0       0       0       0       0       0
5       0       6       2       0       0       0       0       0
6       0       0       0       0       0       5       0       1
7       0       0       0       5       1       8       0       0
-----------------------------------

Itération 4 ————————————————————————————————————————————————————————————————————————————————————————————————————
Successeur : [[2], [0, 5], [0, 5, 6], [0, 6, 7], [1], [1, 2], [5, 7], [3, 4, 5]]
Parent : [-1, 5, 0, -1, -1, 2, 2, 6]
Chaîne améliorante identifiée : [0, 2, 6, 7]
Flot possible à augmenter : 1

        0       1       2       3       4       5       6       7
0       0       0       1       0       0       0       0       0
1       7       0       0       0       0       2       0       0
2       3       0       0       0       0       2       2       0
3       5       0       0       0       0       0       2       3
4       0       1       0       0       0       0       0       0
5       0       6       2       0       0       0       0       0
6       0       0       1       0       0       5       0       0
7       0       0       0       5       1       8       1       0
-----------------------------------

Itération 5 ————————————————————————————————————————————————————————————————————————————————————————————————————
Successeur : [[2], [0, 5], [0, 5, 6], [0, 6, 7], [1], [1, 2], [2, 5], [3, 4, 5, 6]]
Parent : False
Il y a plus de chaîne améliorante.
Fin d'Itération ————————————————————————————————————————————————————————————————————————————————————————————————

La valeur maximale de flot est : 15
----------TABLEAU DE FLOT----------
        0       1       2       3       4       5       6       7
0       0       7       3       5       0       0       0       0
1       0       0       0       0       1       6       0       0
2       0       0       0       0       0       2       1       0
3       0       0       0       0       0       0       0       5
4       0       0       0       0       0       0       0       1
5       0       0       0       0       0       0       0       8
6       0       0       0       0       0       0       0       1
7       0       0       0       0       0       0       0       0
-----------------------------------

