Itération 0 ————————————————————————————————————————————————————————————————————————————————————————————————————
Successeur : [[1, 2, 3], [2, 4, 5, 6], [3, 5], [8], [6, 7], [4], [9], [6, 8, 9], [5, 9], []]
Parent : [-1, 0, 0, 0, 1, 1, 1, 4, 3, 6]
Chaîne améliorante identifiée : [0, 1, 6, 9]
Flot possible à augmenter : 4

        0       1       2       3       4       5       6       7       8       9
0       0       12      3       8       0       0       0       0       0       0
1       4       0       3       0       3       3       0       0       0       0
2       0       0       0       7       0       5       0       0       0       0
3       0       0       0       0       0       0       0       0       7       0
4       0       0       0       0       0       0       1       8       0       0
5       0       0       0       0       8       0       0       0       0       0
6       0       4       0       0       0       0       0       0       0       4
7       0       0       0       0       0       0       3       0       4       6
8       0       0       0       0       0       4       0       0       0       8
9       0       0       0       0       0       0       4       0       0       0
-------------------------------------------

Itération 1 ————————————————————————————————————————————————————————————————————————————————————————————————————
Successeur : [[1, 2, 3], [0, 2, 4, 5], [3, 5], [8], [6, 7], [4], [1, 9], [6, 8, 9], [5, 9], [6]]
Parent : [-1, 0, 0, 0, 1, 1, 4, 4, 3, 8]
Chaîne améliorante identifiée : [0, 3, 8, 9]
Flot possible à augmenter : 7

        0       1       2       3       4       5       6       7       8       9
0       0       12      3       1       0       0       0       0       0       0
1       4       0       3       0       3       3       0       0       0       0
2       0       0       0       7       0       5       0       0       0       0
3       7       0       0       0       0       0       0       0       0       0
4       0       0       0       0       0       0       1       8       0       0
5       0       0       0       0       8       0       0       0       0       0
6       0       4       0       0       0       0       0       0       0       4
7       0       0       0       0       0       0       3       0       4       6
8       0       0       0       7       0       4       0       0       0       1
9       0       0       0       0       0       0       4       0       7       0
-------------------------------------------

Itération 2 ————————————————————————————————————————————————————————————————————————————————————————————————————
Successeur : [[1, 2, 3], [0, 2, 4, 5], [3, 5], [0], [6, 7], [4], [1, 9], [6, 8, 9], [3, 5, 9], [6, 8]]
Parent : [-1, 0, 0, 0, 1, 1, 4, 4, -1, 6]
Chaîne améliorante identifiée : [0, 1, 4, 6, 9]
Flot possible à augmenter : 1

        0       1       2       3       4       5       6       7       8       9
0       0       11      3       1       0       0       0       0       0       0
1       5       0       3       0       2       3       0       0       0       0
2       0       0       0       7       0       5       0       0       0       0
3       7       0       0       0       0       0       0       0       0       0
4       0       1       0       0       0       0       0       8       0       0
5       0       0       0       0       8       0       0       0       0       0
6       0       4       0       0       1       0       0       0       0       3
7       0       0       0       0       0       0       3       0       4       6
8       0       0       0       7       0       4       0       0       0       1
9       0       0       0       0       0       0       5       0       7       0
-------------------------------------------

Itération 3 ————————————————————————————————————————————————————————————————————————————————————————————————————
Successeur : [[1, 2, 3], [0, 2, 4, 5], [3, 5], [0], [1, 7], [4], [1, 4, 9], [6, 8, 9], [3, 5, 9], [6, 8]]
Parent : [-1, 0, 0, 0, 1, 1, 7, 4, 7, 7]
Chaîne améliorante identifiée : [0, 1, 4, 7, 9]
Flot possible à augmenter : 2

        0       1       2       3       4       5       6       7       8       9
0       0       9       3       1       0       0       0       0       0       0
1       7       0       3       0       0       3       0       0       0       0
2       0       0       0       7       0       5       0       0       0       0
3       7       0       0       0       0       0       0       0       0       0
4       0       3       0       0       0       0       0       6       0       0
5       0       0       0       0       8       0       0       0       0       0
6       0       4       0       0       1       0       0       0       0       3
7       0       0       0       0       2       0       3       0       4       4
8       0       0       0       7       0       4       0       0       0       1
9       0       0       0       0       0       0       5       2       7       0
-------------------------------------------

Itération 4 ————————————————————————————————————————————————————————————————————————————————————————————————————
Successeur : [[1, 2, 3], [0, 2, 5], [3, 5], [0], [1, 7], [4], [1, 4, 9], [4, 6, 8, 9], [3, 5, 9], [6, 7, 8]]
Parent : [-1, 0, 0, 0, 5, 1, 7, 4, 7, 7]
Chaîne améliorante identifiée : [0, 1, 5, 4, 7, 9]
Flot possible à augmenter : 3

        0       1       2       3       4       5       6       7       8       9
0       0       6       3       1       0       0       0       0       0       0
1       10      0       3       0       0       0       0       0       0       0
2       0       0       0       7       0       5       0       0       0       0
3       7       0       0       0       0       0       0       0       0       0
4       0       3       0       0       0       3       0       3       0       0
5       0       3       0       0       5       0       0       0       0       0
6       0       4       0       0       1       0       0       0       0       3
7       0       0       0       0       5       0       3       0       4       1
8       0       0       0       7       0       4       0       0       0       1
9       0       0       0       0       0       0       5       5       7       0
-------------------------------------------

Itération 5 ————————————————————————————————————————————————————————————————————————————————————————————————————
Successeur : [[1, 2, 3], [0, 2], [3, 5], [0], [1, 5, 7], [1, 4], [1, 4, 9], [4, 6, 8, 9], [3, 5, 9], [6, 7, 8]]
Parent : [-1, 0, 0, 0, 5, 2, 7, 4, 7, 7]
Chaîne améliorante identifiée : [0, 2, 5, 4, 7, 9]
Flot possible à augmenter : 1

        0       1       2       3       4       5       6       7       8       9
0       0       6       2       1       0       0       0       0       0       0
1       10      0       3       0       0       0       0       0       0       0
2       1       0       0       7       0       4       0       0       0       0
3       7       0       0       0       0       0       0       0       0       0
4       0       3       0       0       0       4       0       2       0       0
5       0       3       1       0       4       0       0       0       0       0
6       0       4       0       0       1       0       0       0       0       3
7       0       0       0       0       6       0       3       0       4       0
8       0       0       0       7       0       4       0       0       0       1
9       0       0       0       0       0       0       5       6       7       0
-------------------------------------------

Itération 6 ————————————————————————————————————————————————————————————————————————————————————————————————————
Successeur : [[1, 2, 3], [0, 2], [0, 3, 5], [0], [1, 5, 7], [1, 2, 4], [1, 4, 9], [4, 6, 8], [3, 5, 9], [6, 7, 8]]
Parent : [-1, 0, 0, 0, 5, 2, 7, 4, 7, 6]
Chaîne améliorante identifiée : [0, 2, 5, 4, 7, 6, 9]
Flot possible à augmenter : 2

        0       1       2       3       4       5       6       7       8       9
0       0       6       0       1       0       0       0       0       0       0
1       10      0       3       0       0       0       0       0       0       0
2       3       0       0       7       0       2       0       0       0       0
3       7       0       0       0       0       0       0       0       0       0
4       0       3       0       0       0       6       0       0       0       0
5       0       3       3       0       2       0       0       0       0       0
6       0       4       0       0       1       0       0       2       0       1
7       0       0       0       0       8       0       1       0       4       0
8       0       0       0       7       0       4       0       0       0       1
9       0       0       0       0       0       0       7       6       7       0
-------------------------------------------

Itération 7 ————————————————————————————————————————————————————————————————————————————————————————————————————
Successeur : [[1, 3], [0, 2], [0, 3, 5], [0], [1, 5], [1, 2, 4], [1, 4, 7, 9], [4, 6, 8], [3, 5, 9], [6, 7, 8]]
Parent : False
Il y a plus de chaîne améliorante.
Fin d'Itération ————————————————————————————————————————————————————————————————————————————————————————————————

La valeur maximale de flot est : 20
--------------TABLEAU DE FLOT--------------
        0       1       2       3       4       5       6       7       8       9
0       0       10      3       7       0       0       0       0       0       0
1       0       0       0       0       3       3       4       0       0       0
2       0       0       0       0       0       3       0       0       0       0
3       0       0       0       0       0       0       0       0       7       0
4       0       0       0       0       0       0       1       8       0       0
5       0       0       0       0       6       0       0       0       0       0
6       0       0       0       0       0       0       0       0       0       7
7       0       0       0       0       0       0       2       0       0       6
8       0       0       0       0       0       0       0       0       0       7
9       0       0       0       0       0       0       0       0       0       0
-------------------------------------------
