Itération 0 ————————————————————————————————————————————————————————————————————————————————————————————————————
Successeur : [[1, 2, 3], [2, 4], [5], [5, 6], [2, 7], [7], [5, 7], []]
Parent : [-1, 0, 0, 0, 1, 2, 3, 4]
Chaîne améliorante identifiée : [0, 1, 4, 7]
Flot possible à augmenter : 6

        0       1       2       3       4       5       6       7
0       0       3       5       7       0       0       0       0
1       6       0       6       0       0       0       0       0
2       0       0       0       0       0       7       0       0
3       0       0       0       0       0       2       8       0
4       0       6       3       0       0       0       0       2
5       0       0       0       0       0       0       0       10
6       0       0       0       0       0       3       0       5
7       0       0       0       0       6       0       0       0
-----------------------------------

Itération 1 ————————————————————————————————————————————————————————————————————————————————————————————————————
Successeur : [[1, 2, 3], [0, 2], [5], [5, 6], [1, 2, 7], [7], [5, 7], [4]]
Parent : [-1, 0, 0, 0, -1, 2, 3, 5]
Chaîne améliorante identifiée : [0, 2, 5, 7]
Flot possible à augmenter : 5

        0       1       2       3       4       5       6       7
0       0       3       0       7       0       0       0       0
1       6       0       6       0       0       0       0       0
2       5       0       0       0       0       2       0       0
3       0       0       0       0       0       2       8       0
4       0       6       3       0       0       0       0       2
5       0       0       5       0       0       0       0       5
6       0       0       0       0       0       3       0       5
7       0       0       0       0       6       5       0       0
-----------------------------------

Itération 2 ————————————————————————————————————————————————————————————————————————————————————————————————————
Successeur : [[1, 3], [0, 2], [0, 5], [5, 6], [1, 2, 7], [2, 7], [5, 7], [4, 5]]
Parent : [-1, 0, 1, 0, -1, 3, 3, 5]
Chaîne améliorante identifiée : [0, 3, 5, 7]
Flot possible à augmenter : 2

        0       1       2       3       4       5       6       7
0       0       3       0       5       0       0       0       0
1       6       0       6       0       0       0       0       0
2       5       0       0       0       0       2       0       0
3       2       0       0       0       0       0       8       0
4       0       6       3       0       0       0       0       2
5       0       0       5       2       0       0       0       3
6       0       0       0       0       0       3       0       5
7       0       0       0       0       6       7       0       0
-----------------------------------

Itération 3 ————————————————————————————————————————————————————————————————————————————————————————————————————
Successeur : [[1, 3], [0, 2], [0, 5], [0, 6], [1, 2, 7], [2, 3, 7], [5, 7], [4, 5]]
Parent : [-1, 0, 1, 0, -1, 2, 3, 6]
Chaîne améliorante identifiée : [0, 3, 6, 7]
Flot possible à augmenter : 5

        0       1       2       3       4       5       6       7
0       0       3       0       0       0       0       0       0
1       6       0       6       0       0       0       0       0
2       5       0       0       0       0       2       0       0
3       7       0       0       0       0       0       3       0
4       0       6       3       0       0       0       0       2
5       0       0       5       2       0       0       0       3
6       0       0       0       5       0       3       0       0
7       0       0       0       0       6       7       5       0
-----------------------------------

Itération 4 ————————————————————————————————————————————————————————————————————————————————————————————————————
Successeur : [[1], [0, 2], [0, 5], [0, 6], [1, 2, 7], [2, 3, 7], [3, 5], [4, 5, 6]]
Parent : [-1, 0, 1, 5, -1, 2, -1, 5]
Chaîne améliorante identifiée : [0, 1, 2, 5, 7]
Flot possible à augmenter : 2

        0       1       2       3       4       5       6       7
0       0       1       0       0       0       0       0       0
1       8       0       4       0       0       0       0       0
2       5       2       0       0       0       0       0       0
3       7       0       0       0       0       0       3       0
4       0       6       3       0       0       0       0       2
5       0       0       7       2       0       0       0       1
6       0       0       0       5       0       3       0       0
7       0       0       0       0       6       9       5       0
-----------------------------------

Itération 5 ————————————————————————————————————————————————————————————————————————————————————————————————————
Successeur : [[1], [0, 2], [0, 1], [0, 6], [1, 2, 7], [2, 3, 7], [3, 5], [4, 5, 6]]
Parent : False
Il y a plus de chaîne améliorante.
Fin d'Itération ————————————————————————————————————————————————————————————————————————————————————————————————

La valeur maximale de flot est : 20
----------TABLEAU DE FLOT----------
        0       1       2       3       4       5       6       7
0       0       8       5       7       0       0       0       0
1       0       0       2       0       6       0       0       0
2       0       0       0       0       0       7       0       0
3       0       0       0       0       0       2       5       0
4       0       0       0       0       0       0       0       6
5       0       0       0       0       0       0       0       9
6       0       0       0       0       0       0       0       5
7       0       0       0       0       0       0       0       0
-----------------------------------
