Itération 0 ————————————————————————————————————————————————————————————————————————————————————————————————————
Successeur : [[1, 2, 3], [2, 4], [5, 6], [2, 6], [5], [7], [7], []]
Parent : [-1, 0, 0, 0, 1, 2, 2, 5]
Chaîne améliorante identifiée : [0, 2, 5, 7]
Flot possible à augmenter : 7

        0       1       2       3       4       5       6       7
0       0       5       1       4       0       0       0       0
1       0       0       4       0       7       0       0       0
2       7       0       0       0       0       0       8       0
3       0       0       7       0       0       0       4       0
4       0       0       0       0       0       6       0       0
5       0       0       7       0       0       0       0       0
6       0       0       0       0       0       0       0       10
7       0       0       0       0       0       7       0       0
-----------------------------------

Itération 1 ————————————————————————————————————————————————————————————————————————————————————————————————————
Successeur : [[1, 2, 3], [2, 4], [0, 6], [2, 6], [5], [2], [7], [5]]
Parent : [-1, 0, 0, 0, 1, 4, 2, 6]
Chaîne améliorante identifiée : [0, 2, 6, 7]
Flot possible à augmenter : 1

        0       1       2       3       4       5       6       7
0       0       5       0       4       0       0       0       0
1       0       0       4       0       7       0       0       0
2       8       0       0       0       0       0       7       0
3       0       0       7       0       0       0       4       0
4       0       0       0       0       0       6       0       0
5       0       0       7       0       0       0       0       0
6       0       0       1       0       0       0       0       9
7       0       0       0       0       0       7       1       0
-----------------------------------

Itération 2 ————————————————————————————————————————————————————————————————————————————————————————————————————
Successeur : [[1, 3], [2, 4], [0, 6], [2, 6], [5], [2], [2, 7], [5, 6]]
Parent : [-1, 0, 1, 0, 1, 4, 3, 6]
Chaîne améliorante identifiée : [0, 3, 6, 7]
Flot possible à augmenter : 4

        0       1       2       3       4       5       6       7
0       0       5       0       0       0       0       0       0
1       0       0       4       0       7       0       0       0
2       8       0       0       0       0       0       7       0
3       4       0       7       0       0       0       0       0
4       0       0       0       0       0       6       0       0
5       0       0       7       0       0       0       0       0
6       0       0       1       4       0       0       0       5
7       0       0       0       0       0       7       5       0
-----------------------------------

Itération 3 ————————————————————————————————————————————————————————————————————————————————————————————————————
Successeur : [[1], [2, 4], [0, 6], [0, 2], [5], [2], [2, 3, 7], [5, 6]]
Parent : [-1, 0, 1, 6, 1, 4, 2, 6]
Chaîne améliorante identifiée : [0, 1, 2, 6, 7]
Flot possible à augmenter : 4

        0       1       2       3       4       5       6       7
0       0       1       0       0       0       0       0       0
1       4       0       0       0       7       0       0       0
2       8       4       0       0       0       0       3       0
3       4       0       7       0       0       0       0       0
4       0       0       0       0       0       6       0       0
5       0       0       7       0       0       0       0       0
6       0       0       5       4       0       0       0       1
7       0       0       0       0       0       7       9       0
-----------------------------------

Itération 4 ————————————————————————————————————————————————————————————————————————————————————————————————————
Successeur : [[1], [0, 4], [0, 1, 6], [0, 2], [5], [2], [2, 3, 7], [5, 6]]
Parent : [-1, 0, 5, 6, 1, 4, 2, 6]
Chaîne améliorante identifiée : [0, 1, 4, 5, 2, 6, 7]
Flot possible à augmenter : 1

        0       1       2       3       4       5       6       7
0       0       0       0       0       0       0       0       0
1       5       0       0       0       6       0       0       0
2       8       4       0       0       0       1       2       0
3       4       0       7       0       0       0       0       0
4       0       1       0       0       0       5       0       0
5       0       0       6       0       1       0       0       0
6       0       0       6       4       0       0       0       0
7       0       0       0       0       0       7       10      0
-----------------------------------

Itération 5 ————————————————————————————————————————————————————————————————————————————————————————————————————
Successeur : [[], [0, 4], [0, 1, 5, 6], [0, 2], [1, 5], [2, 4], [2, 3], [5, 6]]
Parent : False
Il y a plus de chaîne améliorante.
Fin d'Itération ————————————————————————————————————————————————————————————————————————————————————————————————

La valeur maximale de flot est : 17
----------TABLEAU DE FLOT----------
        0       1       2       3       4       5       6       7
0       0       5       8       4       0       0       0       0
1       0       0       4       0       1       0       0       0
2       0       0       0       0       0       6       6       0
3       0       0       0       0       0       0       4       0
4       0       0       0       0       0       1       0       0
5       0       0       0       0       0       0       0       7
6       0       0       0       0       0       0       0       10
7       0       0       0       0       0       0       0       0
-----------------------------------
