Itération 0 ————————————————————————————————————————————————————————————————————————————————————————————————————
Successeur : [[1, 3], [2], [4, 5], [2, 5, 6], [5, 7], [7], [7], []]
Parent : [-1, 0, 1, 0, 2, 3, 3, 5]
Chaîne améliorante identifiée : [0, 3, 5, 7]
Flot possible à augmenter : 5

        0       1       2       3       4       5       6       7
0       0       5       0       4       0       0       0       0
1       0       0       7       0       0       0       0       0
2       0       0       0       0       4       3       0       0
3       5       0       4       0       0       1       5       0
4       0       0       0       0       0       6       0       6
5       0       0       0       5       0       0       0       0
6       0       0       0       0       0       0       0       7
7       0       0       0       0       0       5       0       0
-----------------------------------

Itération 1 ————————————————————————————————————————————————————————————————————————————————————————————————————
Successeur : [[1, 3], [2], [4, 5], [0, 2, 5, 6], [5, 7], [3], [7], [5]]
Parent : [-1, 0, 1, 0, 2, 3, 3, 6]
Chaîne améliorante identifiée : [0, 3, 6, 7]
Flot possible à augmenter : 4

        0       1       2       3       4       5       6       7
0       0       5       0       0       0       0       0       0
1       0       0       7       0       0       0       0       0
2       0       0       0       0       4       3       0       0
3       9       0       4       0       0       1       1       0
4       0       0       0       0       0       6       0       6
5       0       0       0       5       0       0       0       0
6       0       0       0       4       0       0       0       3
7       0       0       0       0       0       5       4       0
-----------------------------------

Itération 2 ————————————————————————————————————————————————————————————————————————————————————————————————————
Successeur : [[1], [2], [4, 5], [0, 2, 5, 6], [5, 7], [3], [3, 7], [5, 6]]
Parent : [-1, 0, 1, -1, 2, 2, -1, 4]
Chaîne améliorante identifiée : [0, 1, 2, 4, 7]
Flot possible à augmenter : 4

        0       1       2       3       4       5       6       7
0       0       1       0       0       0       0       0       0
1       4       0       3       0       0       0       0       0
2       0       4       0       0       0       3       0       0
3       9       0       4       0       0       1       1       0
4       0       0       4       0       0       6       0       2
5       0       0       0       5       0       0       0       0
6       0       0       0       4       0       0       0       3
7       0       0       0       0       4       5       4       0
-----------------------------------

Itération 3 ————————————————————————————————————————————————————————————————————————————————————————————————————
Successeur : [[1], [0, 2], [1, 5], [0, 2, 5, 6], [2, 5, 7], [3], [3, 7], [4, 5, 6]]
Parent : [-1, 0, 1, 5, -1, 2, 3, 6]
Chaîne améliorante identifiée : [0, 1, 2, 5, 3, 6, 7]
Flot possible à augmenter : 1

        0       1       2       3       4       5       6       7
0       0       0       0       0       0       0       0       0
1       5       0       2       0       0       0       0       0
2       0       5       0       0       0       2       0       0
3       9       0       4       0       0       2       0       0
4       0       0       4       0       0       6       0       2
5       0       0       1       4       0       0       0       0
6       0       0       0       5       0       0       0       2
7       0       0       0       0       4       5       5       0
-----------------------------------

Itération 4 ————————————————————————————————————————————————————————————————————————————————————————————————————
Successeur : [[], [0, 2], [1, 5], [0, 2, 5], [2, 5, 7], [2, 3], [3, 7], [4, 5, 6]]
Parent : False
Il y a plus de chaîne améliorante.
Fin d'Itération ————————————————————————————————————————————————————————————————————————————————————————————————

La valeur maximale de flot est : 14
----------TABLEAU DE FLOT----------
        0       1       2       3       4       5       6       7
0       0       5       0       9       0       0       0       0
1       0       0       5       0       0       0       0       0
2       0       0       0       0       4       1       0       0
3       0       0       0       0       0       4       5       0
4       0       0       0       0       0       0       0       4
5       0       0       0       0       0       0       0       5
6       0       0       0       0       0       0       0       5
7       0       0       0       0       0       0       0       0
-----------------------------------
